The y=1510 is for the radiant dye and the y=2099 is for Thorlabs black.
x_peak: 1541, y_peak: 1510, x0: 1540.5325944888345, y0: 1511.681575826044, A: 92.31372428162607, sigma_x: 21.735979988118117, sigma_y: 24.311777257258573
x_peak: 1828, y_peak: 2099, x0: 1824.5420713535261, y0: 2102.3142467535813, A: 91.36563630172942, sigma_x: 22.907897879722135, sigma_y: 25.717552832210433
